image: /home/zhangzhen/bag/csc/office_2019-06-04-11-01-41.pgm
resolution: 0.050000
origin: [-10.425114, -10.762262, 0.0]
negate: 0
occupied_thresh: 0.65
free_thresh: 0.196
