image: changqing.pgm
resolution: 0.100000
origin: [-90.000001, -47.000, 0.0]
negate: 0
occupied_thresh: 0.65
free_thresh: 0.196

