image: projected_map.pgm
resolution: 0.100000
origin: [-91.000000, -53.800000,0]
negate: 0
occupied_thresh: 0.65
free_thresh: 0.196

